# keyframe format v1
fps 0
0
59
190
339
445
502
627
707
878
1039
1128
1175
1210
1237
1270
1390
1454
1518
1658
1767
1903
2031
2152
2188
2233
2262
2285
2350
2425
2472
2475
2490
2503
2505
2517
2533
2537
2553
2567
2569
2582
2598
2635
2654
2655
2665
2681
2708
2716
2720
2725
2745
2843
2917
2985
2988
3052
3117
3181
3227
3285
3344
3403
3455
3580
3627
3761
3889
4029
4391
4573
4819
4921
5005
5007
5095
5128
5151
5179
5220
5307
5378
5560
5625
5702
5806
5904
5975
6035
6083
6178
6232
6387
6602
6697
6756
7031
7162
7281
7472
7621
7680
7712
7801
7848
7895
7996
8223
8282
8341
8472
8983
9066
9238
9309
9599
9688
9753
9785
9892
9990
10043
10235
10294
10353
10412
10471
10530
10589
10864
11148
11249
11359
11578
11718
11813
11861
11911
12000
12155
12250
12411
12572
12763
12909
12927
12996
12998
13000
13001
13002
13014
13017
13068
13098
13111
13133
13151
13207
13260
13346
13555
13729
13742
13848
13949
14039
14062
14104
14187
14234
14365
14520
14579
14627
14675
14734
14811
14930
15103
15219
15314
15461
15577
15630
15803
15970
16143
16280
16402
16584
16784
16814
16841
16868
16914
16941
16970
16999
17034
17070
17084
17085
17104
17143
17214
17315
17395
17679
17732
17803
18096
18176
18331
18426
18509
18598
18685
18716
18754
18826
18931
19116
19211
19339
19408
19462
19510
19516
19569
19628
19687
19872
19991
20059
20094
20141
20200
20267
20317
20364
20456
20509
20521
20523
20526
20567
20601
20609
20612
20667
20720
20765
20782
20829
20942
21040
21328
21534
21686
21877
22063
22243
22360
22438
22540
22629
22712
22831
22869
23030
23061
23120
23125
23155
23214
23252
23482
23512
23570
23677
23736
23798
23851
23910
23919
23939
23941
23946
23981
24002
24055
24103
24145
24234
24267
24383
24478
24621
24800
24926
24984
25043
25132
25362
25529
25636
25776
25860
25962
25995
26198
26320
26586
26897
27034
27087
27450
27648
27804
27929
28078
28242
28335
28395
28497
28592
28711
28864
28944
29129
29269
29370
29453
29545
29628
29723
29782
29841
29900
29959
30435
30524
30775
30918
30983
31042
31126
31210
31269
31328
31424
31507
31602
31769
32545
32762
32917
33927
