# keyframe format v1
fps 0
0
13
131
268
361
366
374
380
382
391
392
394
395
399
431
467
508
511
555
579
599
600
601
602
610
620
625
644
646
647
669
679
689
690
691
692
726
761
784
807
832
837
838
839
842
889
918
932
933
944
959
965
967
988
999
1022
1051
1080
1099
1101
1103
1105
1106
1126
1149
1175
1177
1178
1216
1229
1247
1251
1286
1301
1324
1365
1403
1432
1442
1487
1532
1573
1633
1683
1701
1719
1737
1755
1773
1836
1840
1841
1846
1882
1920
1939
1949
1961
1964
1966
1970
1971
1976
1998
2062
2128
2187
2264
2410
2512
2586
2594
2668
2721
2748
2749
2765
2777
2783
2796
2824
2845
2896
2914
2927
2952
2976
2990
3004
3041
3062
3176
3216
3217
3256
3278
3296
3309
3334
3394
3434
3492
3510
3544
3546
3561
3627
3661
3714
3716
3750
3770
3771
3785
3827
3870
3884
3952
4001
4035
4039
4041
4059
4097
4113
4160
4167
4196
4211
4234
4253
4255
4279
4299
4312
4345
4356
4373
4404
4426
4483
4603
4714
4771
4828
4900
4947
5006
5009
5017
5025
5033
5037
5096
5118
5134
5143
5256
5343
5526
5597
5740
5832
6052
6077
6110
6274
6429
6560
6659
6943
7023
7070
7441
7612
7734
7837
7890
7994
8065
8110
8223
8329
8415
8556
8715
8804
8872
8937
8996
9163
9228
9279
9338
9403
9546
9638
9729
9785
9914
10077
10280
10430
10525
10626
10850
10990
11133
11186
11300
11419
11538
11639
11735
11801
12007
12030
12094
12270
12356
12490
12654
12701
12763
12894
12983
13141
13215
13434
13488
13575
13733
13934
14095
14221
14329
14436
14555
14615
14674
15025
15132
15309
15413
15489
15608
15727
15729
15730
15731
15732
15733
15745
15746
15747
15748
15749
15799
15858
15905
16067
16143
16448
16507
16602
16745
16858
16973
17032
17091
17169
17258
17389
17425
17460
17495
17578
17769
17877
17952
18105
18149
18388
18531
18571
18696
18803
18862
18921
19076
19142
19235
19427
19481
19534
19611
19697
19876
19989
20117
20339
20451
20510
20569
20718
20813
20998
21073
21150
21189
21306
21593
21739
21786
21833
21913
22047
22172
22318
22431
22490
22639
22795
22836
22928
23006
23059
23166
23442
23495
23539
23589
23732
23851
24048
24143
24196
24285
24344
24474
24560
24596
24633
24723
24725
24802
24838
24856
24858
24926
24986
25007
25019
25043
25058
25130
25186
25266
25352
25417
25569
25919
26035
26115
26273
26344
26424
26476
26535
26666
26687
26690
26723
26728
26760
26776
26790
26825
26871
26936
26983
27072
27251
27304
27337
27393
27431
27466
27504
27563
27605
27618
27619
27620
27621
27634
27643
27659
27660
27677
27678
27727
27847
27891
27964
28023
28187
28354
28494
28523
28621
28740
28821
28901
29044
29241
29336
29443
29490
29586
29622
29820
30106
30150
30389
30454
30537
30623
30761
30828
30869
30984
31048
31113
31169
31276
31408
31455
31490
31517
31550
31670
31734
31798
31938
32047
32173
32311
32432
32468
32513
32542
32565
32630
32705
32752
32755
32770
32779
32780
32783
32785
32797
32813
32814
32817
32825
32833
32847
32849
32862
32866
32878
32893
32915
32934
32935
32945
32961
32973
32988
32996
32999
33000
33005
33025
33123
33157
33197
33208
33265
33268
33332
33397
33461
33507
33565
33622
33626
33638
33650
33662
33669
33728
33793
33835
33925
